latitude: 32.7133421
longitude: -97.3468719
d_time_zone: -5
panel_init_angle: 0
cw_pin: 17
ccw_pin: 18